sedSeq R-layers
use properties found in Z-layers file

Rmin  Rmax   dr  Mtyp  unused...
0.15, 0.2, 0.025, 99,  0, 0, 0, 0, 0, 0, 0, 0, 0, 0, 0, 0, 0, 0,
 0.2,   1,  0.05, 99,  0, 0, 0, 0, 0, 0, 0, 0, 0, 0, 0, 0, 0, 0,
   1,   2,   0.1, 99,  0, 0, 0, 0, 0, 0, 0, 0, 0, 0, 0, 0, 0, 0,
   2,   5,   0.2, 99,  0, 0, 0, 0, 0, 0, 0, 0, 0, 0, 0, 0, 0, 0,
   5,  10,   0.5, 99,  0, 0, 0, 0, 0, 0, 0, 0, 0, 0, 0, 0, 0, 0,
  10,  20,     1, 99,  0, 0, 0, 0, 0, 0, 0, 0, 0, 0, 0, 0, 0, 0,
  20,  40,     2, 99,  0, 0, 0, 0, 0, 0, 0, 0, 0, 0, 0, 0, 0, 0,
  40,  80,     5, 99,  0, 0, 0, 0, 0, 0, 0, 0, 0, 0, 0, 0, 0, 0,